==================================
Data/Data_Fall_2014_1.txt
==================================
HERE IS THE BEST
Cost: 0.143633

[56.783, 34.31, 57.204, 30.95]

Char cost:  0.143633
Order Cost:  0
Nodes: 2
Run Time:  0.33863

==================================
Data/Data_Fall_2014_2.txt
==================================
HERE IS THE BEST
Cost: 1.06556

[56.783, 34.31, 57.204, 30.95]
[53.698, 20.789, 56.691, 34.294]

Char cost:  0.30956
Order Cost:  0.756
Nodes: 5
Run Time:  0.300817

==================================
Data/Data_Fall_2014_3.txt
==================================
HERE IS THE BEST
Cost: 1.364261

[56.783, 34.31, 57.204, 30.95]
[53.698, 20.789, 56.691, 34.294]
[59.67, 65.401, 53.682, 20.788]

Char cost:  0.489261
Order Cost:  0.875
Nodes: 9
Run Time:  0.339644

==================================
Data/Data_Fall_2014_4.txt
==================================
HERE IS THE BEST
Cost: 1.715641

[56.783, 34.31, 57.204, 30.95]
[53.698, 20.789, 56.691, 34.294]
[59.67, 65.401, 53.682, 20.788]
[62.71, 72.04, 59.663, 65.386]

Char cost:  0.686641
Order Cost:  1.029
Nodes: 14
Run Time:  0.343424

==================================
Data/Data_Fall_2014_5.txt
==================================
HERE IS THE BEST
Cost: 2.117786

[56.783, 34.31, 57.204, 30.95]
[53.698, 20.789, 56.691, 34.294]
[59.67, 65.401, 53.682, 20.788]
[62.71, 72.04, 59.663, 65.386]
[63.0, 40.745, 62.708, 72.02]

Char cost:  0.934786
Order Cost:  1.183
Nodes: 24
Run Time:  0.337174

==================================
Data/Data_Fall_2014_6.txt
==================================
HERE IS THE BEST
Cost: 2.700871

[56.783, 34.31, 57.204, 30.95]
[53.698, 20.789, 56.691, 34.294]
[59.67, 65.401, 53.682, 20.788]
[62.71, 72.04, 59.663, 65.386]
[63.0, 40.745, 62.708, 72.02]
[60.934, 75.019, 62.995, 40.756]

Char cost:  1.405871
Order Cost:  1.295
Nodes: 37
Run Time:  0.33734

==================================
Data/Data_Fall_2014_7.txt
==================================
HERE IS THE BEST
Cost: 3.165063

[56.783, 34.31, 57.204, 30.95]
[53.698, 20.789, 56.691, 34.294]
[59.67, 65.401, 53.682, 20.788]
[62.71, 72.04, 59.663, 65.386]
[63.0, 40.745, 62.708, 72.02]
[60.934, 75.019, 62.995, 40.756]
[62.26, 30.612, 60.927, 75.016]

Char cost:  1.800063
Order Cost:  1.365
Nodes: 53
Run Time:  0.347948

==================================
Data/Data_Fall_2014_8.txt
==================================
HERE IS THE BEST
Cost: 3.499473

[56.783, 34.31, 57.204, 30.95]
[53.698, 20.789, 56.691, 34.294]
[59.67, 65.401, 53.682, 20.788]
[62.71, 72.04, 59.663, 65.386]
[63.0, 40.745, 62.708, 72.02]
[60.934, 75.019, 62.995, 40.756]
[62.26, 30.612, 60.927, 75.016]
[60.83, 33.63, 62.26, 30.612]

Char cost:  2.134473
Order Cost:  1.365
Nodes: 92
Run Time:  0.334146

==================================
Data/Data_Fall_2014_9.txt
==================================
HERE IS THE BEST
Cost: 3.967573

[56.783, 34.31, 57.204, 30.95]
[53.698, 20.789, 56.691, 34.294]
[59.67, 65.401, 53.682, 20.788]
[62.71, 72.04, 59.663, 65.386]
[63.0, 40.745, 62.708, 72.02]
[60.934, 75.019, 62.995, 40.756]
[62.26, 30.612, 60.927, 75.016]
[60.83, 33.63, 62.26, 30.612]
[58.939, 42.731, 60.83, 33.625]

Char cost:  2.567573
Order Cost:  1.4
Nodes: 130
Run Time:  0.335999

==================================
Data/Data_Fall_2014_10.txt
==================================
HERE IS THE BEST
Cost: 4.586395

[56.783, 34.31, 57.204, 30.95]
[53.698, 20.789, 56.691, 34.294]
[59.67, 65.401, 53.682, 20.788]
[62.71, 72.04, 59.663, 65.386]
[63.0, 40.745, 62.708, 72.02]
[60.934, 75.019, 62.995, 40.756]
[62.26, 30.612, 60.927, 75.016]
[60.83, 33.63, 62.26, 30.612]
[58.939, 42.731, 60.83, 33.625]
[64.789, 37.617, 58.898, 42.725]

Char cost:  2.857395
Order Cost:  1.729
Nodes: 168
Run Time:  0.310834

==================================
Data/Data_Fall_2014_11.txt
==================================
HERE IS THE BEST
Cost: 5.423342

[56.783, 34.31, 57.204, 30.95]
[53.698, 20.789, 56.691, 34.294]
[59.67, 65.401, 53.682, 20.788]
[62.71, 72.04, 59.663, 65.386]
[63.0, 40.745, 62.708, 72.02]
[60.934, 75.019, 62.995, 40.756]
[62.26, 30.612, 60.927, 75.016]
[60.83, 33.63, 62.26, 30.612]
[58.939, 42.731, 60.83, 33.625]
[64.789, 37.617, 58.898, 42.725]
[67.129, 40.078, 64.755, 37.602]

Char cost:  3.351342
Order Cost:  2.072
Nodes: 237
Run Time:  0.325787

==================================
Data/Data_Fall_2014_12.txt
==================================
HERE IS THE BEST
Cost: 6.557421

[56.783, 34.31, 57.204, 30.95]
[53.698, 20.789, 56.691, 34.294]
[59.67, 65.401, 53.682, 20.788]
[62.71, 72.04, 59.663, 65.386]
[63.0, 40.745, 62.708, 72.02]
[60.934, 75.019, 62.995, 40.756]
[62.26, 30.612, 60.927, 75.016]
[60.83, 33.63, 62.26, 30.612]
[58.939, 42.731, 60.83, 33.625]
[64.789, 37.617, 58.898, 42.725]
[67.129, 40.078, 64.755, 37.602]
[60.051, 30.918, 67.142, 40.19]

Char cost:  3.610421
Order Cost:  2.947
Nodes: 334
Run Time:  0.348886

==================================
Data/Data_Fall_2014_13.txt
==================================
HERE IS THE BEST
Cost: 7.328581

[56.783, 34.31, 57.204, 30.95]
[53.698, 20.789, 56.691, 34.294]
[59.67, 65.401, 53.682, 20.788]
[62.71, 72.04, 59.663, 65.386]
[63.0, 40.745, 62.708, 72.02]
[60.934, 75.019, 62.995, 40.756]
[62.26, 30.612, 60.927, 75.016]
[60.83, 33.63, 62.26, 30.612]
[58.939, 42.731, 60.83, 33.625]
[64.789, 37.617, 58.898, 42.725]
[67.129, 40.078, 64.755, 37.602]
[60.051, 30.918, 67.142, 40.19]
[55.502, 20.608, 60.068, 30.971]

Char cost:  3.891581
Order Cost:  3.437
Nodes: 446
Run Time:  0.317683

==================================
Data/Data_Fall_2014_14.txt
==================================
HERE IS THE BEST
Cost: 7.829561

[56.783, 34.31, 57.204, 30.95]
[53.698, 20.789, 56.691, 34.294]
[59.67, 65.401, 53.682, 20.788]
[62.71, 72.04, 59.663, 65.386]
[63.0, 40.745, 62.708, 72.02]
[60.934, 75.019, 62.995, 40.756]
[62.26, 30.612, 60.927, 75.016]
[60.83, 33.63, 62.26, 30.612]
[58.939, 42.731, 60.83, 33.625]
[64.789, 37.617, 58.898, 42.725]
[67.129, 40.078, 64.755, 37.602]
[60.051, 30.918, 67.142, 40.19]
[55.502, 20.608, 60.068, 30.971]
[65.296, 40.334, 55.499, 20.594]

Char cost:  4.273561
Order Cost:  3.556
Nodes: 537
Run Time:  0.314195

==================================
Data/Data_Fall_2014_15.txt
==================================
HERE IS THE BEST
Cost: 7.990561

[56.783, 34.31, 57.204, 30.95]
[53.698, 20.789, 56.691, 34.294]
[59.67, 65.401, 53.682, 20.788]
[62.71, 72.04, 59.663, 65.386]
[63.0, 40.745, 62.708, 72.02]
[60.934, 75.019, 62.995, 40.756]
[62.26, 30.612, 60.927, 75.016]
[60.83, 33.63, 62.26, 30.612]
[58.939, 42.731, 60.83, 33.625]
[64.789, 37.617, 58.898, 42.725]
[67.129, 40.078, 64.755, 37.602]
[60.051, 30.918, 67.142, 40.19]
[55.502, 20.608, 60.068, 30.971]
[65.296, 40.334, 55.499, 20.594]
[47.307, -1.0, 65.299, 40.314]

Char cost:  4.273561
Order Cost:  3.717
Nodes: 599
Run Time:  0.344851

==================================
Data/Data_Fall_2014_16.txt
==================================
HERE IS THE BEST
Cost: 8.189119

[56.783, 34.31, 57.204, 30.95]
[53.698, 20.789, 56.691, 34.294]
[59.67, 65.401, 53.682, 20.788]
[62.71, 72.04, 59.663, 65.386]
[63.0, 40.745, 62.708, 72.02]
[60.934, 75.019, 62.995, 40.756]
[62.26, 30.612, 60.927, 75.016]
[60.83, 33.63, 62.26, 30.612]
[58.939, 42.731, 60.83, 33.625]
[64.789, 37.617, 58.898, 42.725]
[67.129, 40.078, 64.755, 37.602]
[60.051, 30.918, 67.142, 40.19]
[55.502, 20.608, 60.068, 30.971]
[65.296, 40.334, 55.499, 20.594]
[47.307, -1.0, 65.299, 40.314]
[55.804, 42.464, 47.305, -1.0]

Char cost:  4.465119
Order Cost:  3.724
Nodes: 667
Run Time:  0.429327

==================================
Data/Data_Fall_2014_17.txt
==================================
HERE IS THE BEST
Cost: 8.336119

[56.783, 34.31, 57.204, 30.95]
[53.698, 20.789, 56.691, 34.294]
[59.67, 65.401, 53.682, 20.788]
[62.71, 72.04, 59.663, 65.386]
[63.0, 40.745, 62.708, 72.02]
[60.934, 75.019, 62.995, 40.756]
[62.26, 30.612, 60.927, 75.016]
[60.83, 33.63, 62.26, 30.612]
[58.939, 42.731, 60.83, 33.625]
[64.789, 37.617, 58.898, 42.725]
[67.129, 40.078, 64.755, 37.602]
[60.051, 30.918, 67.142, 40.19]
[55.502, 20.608, 60.068, 30.971]
[65.296, 40.334, 55.499, 20.594]
[47.307, -1.0, 65.299, 40.314]
[55.804, 42.464, 47.305, -1.0]
[45.811, -1.0, 55.805, 42.444]

Char cost:  4.465119
Order Cost:  3.871
Nodes: 735
Run Time:  0.3469

==================================
Data/Data_Fall_2014_18.txt
==================================
HERE IS THE BEST
Cost: 8.65985

[56.783, 34.31, 57.204, 30.95]
[53.698, 20.789, 56.691, 34.294]
[59.67, 65.401, 53.682, 20.788]
[62.71, 72.04, 59.663, 65.386]
[63.0, 40.745, 62.708, 72.02]
[60.934, 75.019, 62.995, 40.756]
[62.26, 30.612, 60.927, 75.016]
[60.83, 33.63, 62.26, 30.612]
[58.939, 42.731, 60.83, 33.625]
[64.789, 37.617, 58.898, 42.725]
[67.129, 40.078, 64.755, 37.602]
[60.051, 30.918, 67.142, 40.19]
[55.502, 20.608, 60.068, 30.971]
[65.296, 40.334, 55.499, 20.594]
[47.307, -1.0, 65.299, 40.314]
[55.804, 42.464, 47.305, -1.0]
[45.811, -1.0, 55.805, 42.444]
[55.816, 36.067, 45.809, -1.0]

Char cost:  4.78185
Order Cost:  3.878
Nodes: 824
Run Time:  0.36265

==================================
Data/Data_Fall_2014_19.txt
==================================
HERE IS THE BEST
Cost: 9.233715

[56.783, 34.31, 57.204, 30.95]
[53.698, 20.789, 56.691, 34.294]
[59.67, 65.401, 53.682, 20.788]
[62.71, 72.04, 59.663, 65.386]
[63.0, 40.745, 62.708, 72.02]
[60.934, 75.019, 62.995, 40.756]
[62.26, 30.612, 60.927, 75.016]
[60.83, 33.63, 62.26, 30.612]
[58.939, 42.731, 60.83, 33.625]
[64.789, 37.617, 58.898, 42.725]
[67.129, 40.078, 64.755, 37.602]
[60.051, 30.918, 67.142, 40.19]
[55.502, 20.608, 60.068, 30.971]
[65.296, 40.334, 55.499, 20.594]
[47.307, -1.0, 65.299, 40.314]
[55.804, 42.464, 47.305, -1.0]
[45.811, -1.0, 55.805, 42.444]
[55.816, 36.067, 45.809, -1.0]
[60.215, 36.16, 55.821, 36.049]

Char cost:  5.194715
Order Cost:  4.039
Nodes: 919
Run Time:  0.356175

==================================
Data/Data_Fall_2014_20.txt
==================================
HERE IS THE BEST
Cost: 9.690301

[56.783, 34.31, 57.204, 30.95]
[53.698, 20.789, 56.691, 34.294]
[59.67, 65.401, 53.682, 20.788]
[62.71, 72.04, 59.663, 65.386]
[63.0, 40.745, 62.708, 72.02]
[60.934, 75.019, 62.995, 40.756]
[62.26, 30.612, 60.927, 75.016]
[60.83, 33.63, 62.26, 30.612]
[58.939, 42.731, 60.83, 33.625]
[64.789, 37.617, 58.898, 42.725]
[67.129, 40.078, 64.755, 37.602]
[60.051, 30.918, 67.142, 40.19]
[55.502, 20.608, 60.068, 30.971]
[65.296, 40.334, 55.499, 20.594]
[47.307, -1.0, 65.299, 40.314]
[55.804, 42.464, 47.305, -1.0]
[45.811, -1.0, 55.805, 42.444]
[55.816, 36.067, 45.809, -1.0]
[60.215, 36.16, 55.821, 36.049]
[55.149, 41.057, 60.233, 36.167]

Char cost:  5.476301
Order Cost:  4.214
Nodes: 1100
Run Time:  0.358012

==================================
Data/Data_Fall_2014_21.txt
==================================
HERE IS THE BEST
Cost: 10.745987

[56.783, 34.31, 57.204, 30.95]
[53.698, 20.789, 56.691, 34.294]
[59.67, 65.401, 53.682, 20.788]
[62.71, 72.04, 59.663, 65.386]
[63.0, 40.745, 62.708, 72.02]
[60.934, 75.019, 62.995, 40.756]
[62.26, 30.612, 60.927, 75.016]
[60.83, 33.63, 62.26, 30.612]
[58.939, 42.731, 60.83, 33.625]
[64.789, 37.617, 58.898, 42.725]
[67.129, 40.078, 64.755, 37.602]
[60.051, 30.918, 67.142, 40.19]
[55.502, 20.608, 60.068, 30.971]
[65.296, 40.334, 55.499, 20.594]
[47.307, -1.0, 65.299, 40.314]
[55.804, 42.464, 47.305, -1.0]
[45.811, -1.0, 55.805, 42.444]
[55.816, 36.067, 45.809, -1.0]
[60.215, 36.16, 55.821, 36.049]
[55.149, 41.057, 60.233, 36.167]
[68.205, 40.111, 55.165, 41.004]

Char cost:  6.048987
Order Cost:  4.697
Nodes: 1363
Run Time:  0.422834

==================================
Data/Data_Fall_2014_22.txt
==================================
HERE IS THE BEST
Cost: 11.73161

[56.783, 34.31, 57.204, 30.95]
[53.698, 20.789, 56.691, 34.294]
[59.67, 65.401, 53.682, 20.788]
[62.71, 72.04, 59.663, 65.386]
[63.0, 40.745, 62.708, 72.02]
[60.934, 75.019, 62.995, 40.756]
[62.26, 30.612, 60.927, 75.016]
[60.83, 33.63, 62.26, 30.612]
[58.939, 42.731, 60.83, 33.625]
[64.789, 37.617, 58.898, 42.725]
[67.129, 40.078, 64.755, 37.602]
[60.051, 30.918, 67.142, 40.19]
[55.502, 20.608, 60.068, 30.971]
[65.296, 40.334, 55.499, 20.594]
[47.307, -1.0, 65.299, 40.314]
[55.804, 42.464, 47.305, -1.0]
[45.811, -1.0, 55.805, 42.444]
[55.816, 36.067, 45.809, -1.0]
[60.215, 36.16, 55.821, 36.049]
[55.149, 41.057, 60.233, 36.167]
[68.205, 40.111, 55.165, 41.004]
[61.064, 33.399, 68.206, 40.019]

Char cost:  6.38361
Order Cost:  5.348
Nodes: 1741
Run Time:  0.372486

==================================
Data/Data_Fall_2014_23.txt
==================================
HERE IS THE BEST
Cost: 12.676124

[56.783, 34.31, 57.204, 30.95]
[53.698, 20.789, 56.691, 34.294]
[59.67, 65.401, 53.682, 20.788]
[62.71, 72.04, 59.663, 65.386]
[63.0, 40.745, 62.708, 72.02]
[60.934, 75.019, 62.995, 40.756]
[62.26, 30.612, 60.927, 75.016]
[60.83, 33.63, 62.26, 30.612]
[58.939, 42.731, 60.83, 33.625]
[64.789, 37.617, 58.898, 42.725]
[67.129, 40.078, 64.755, 37.602]
[60.051, 30.918, 67.142, 40.19]
[55.502, 20.608, 60.068, 30.971]
[65.296, 40.334, 55.499, 20.594]
[47.307, -1.0, 65.299, 40.314]
[55.804, 42.464, 47.305, -1.0]
[45.811, -1.0, 55.805, 42.444]
[55.816, 36.067, 45.809, -1.0]
[60.215, 36.16, 55.821, 36.049]
[55.149, 41.057, 60.233, 36.167]
[68.205, 40.111, 55.165, 41.004]
[61.064, 33.399, 68.206, 40.019]
[60.474, 30.98, 61.046, 33.324]

Char cost:  6.677124
Order Cost:  5.999
Nodes: 2273
Run Time:  0.394681

==================================
Data/Data_Fall_2014_24.txt
==================================
HERE IS THE BEST
Cost: 13.754315

[56.783, 34.31, 57.204, 30.95]
[53.698, 20.789, 56.691, 34.294]
[59.67, 65.401, 53.682, 20.788]
[62.71, 72.04, 59.663, 65.386]
[63.0, 40.745, 62.708, 72.02]
[60.934, 75.019, 62.995, 40.756]
[62.26, 30.612, 60.927, 75.016]
[60.83, 33.63, 62.26, 30.612]
[58.939, 42.731, 60.83, 33.625]
[64.789, 37.617, 58.898, 42.725]
[67.129, 40.078, 64.755, 37.602]
[60.051, 30.918, 67.142, 40.19]
[55.502, 20.608, 60.068, 30.971]
[65.296, 40.334, 55.499, 20.594]
[47.307, -1.0, 65.299, 40.314]
[55.804, 42.464, 47.305, -1.0]
[45.811, -1.0, 55.805, 42.444]
[55.816, 36.067, 45.809, -1.0]
[60.215, 36.16, 55.821, 36.049]
[55.149, 41.057, 60.233, 36.167]
[68.205, 40.111, 55.165, 41.004]
[61.064, 33.399, 68.206, 40.019]
[60.474, 30.98, 61.046, 33.324]
[63.051, 40.75, 60.386, 30.972]

Char cost:  7.083315
Order Cost:  6.671
Nodes: 3456
Run Time:  0.431039

==================================
Data/Data_Fall_2014_25.txt
==================================
HERE IS THE BEST
Cost: 14.090315

[56.783, 34.31, 57.204, 30.95]
[53.698, 20.789, 56.691, 34.294]
[59.67, 65.401, 53.682, 20.788]
[62.71, 72.04, 59.663, 65.386]
[63.0, 40.745, 62.708, 72.02]
[60.934, 75.019, 62.995, 40.756]
[62.26, 30.612, 60.927, 75.016]
[60.83, 33.63, 62.26, 30.612]
[58.939, 42.731, 60.83, 33.625]
[64.789, 37.617, 58.898, 42.725]
[67.129, 40.078, 64.755, 37.602]
[60.051, 30.918, 67.142, 40.19]
[55.502, 20.608, 60.068, 30.971]
[65.296, 40.334, 55.499, 20.594]
[47.307, -1.0, 65.299, 40.314]
[55.804, 42.464, 47.305, -1.0]
[45.811, -1.0, 55.805, 42.444]
[55.816, 36.067, 45.809, -1.0]
[60.215, 36.16, 55.821, 36.049]
[55.149, 41.057, 60.233, 36.167]
[68.205, 40.111, 55.165, 41.004]
[61.064, 33.399, 68.206, 40.019]
[60.474, 30.98, 61.046, 33.324]
[63.051, 40.75, 60.386, 30.972]
[48.727, -1.0, 63.06, 40.789]

Char cost:  7.083315
Order Cost:  7.007
Nodes: 3808
Run Time:  0.4416

==================================
Data/Data_Fall_2014_26.txt
==================================
HERE IS THE BEST
Cost: 14.521918

[56.783, 34.31, 57.204, 30.95]
[53.698, 20.789, 56.691, 34.294]
[59.67, 65.401, 53.682, 20.788]
[62.71, 72.04, 59.663, 65.386]
[63.0, 40.745, 62.708, 72.02]
[60.934, 75.019, 62.995, 40.756]
[62.26, 30.612, 60.927, 75.016]
[60.83, 33.63, 62.26, 30.612]
[58.939, 42.731, 60.83, 33.625]
[64.789, 37.617, 58.898, 42.725]
[67.129, 40.078, 64.755, 37.602]
[60.051, 30.918, 67.142, 40.19]
[55.502, 20.608, 60.068, 30.971]
[65.296, 40.334, 55.499, 20.594]
[47.307, -1.0, 65.299, 40.314]
[55.804, 42.464, 47.305, -1.0]
[45.811, -1.0, 55.805, 42.444]
[55.816, 36.067, 45.809, -1.0]
[60.215, 36.16, 55.821, 36.049]
[55.149, 41.057, 60.233, 36.167]
[68.205, 40.111, 55.165, 41.004]
[61.064, 33.399, 68.206, 40.019]
[60.474, 30.98, 61.046, 33.324]
[63.051, 40.75, 60.386, 30.972]
[48.727, -1.0, 63.06, 40.789]
[60.888, 33.955, 48.707, -1.0]

Char cost:  7.444918
Order Cost:  7.077
Nodes: 4477
Run Time:  0.447348

==================================
Data/Data_Fall_2014_27.txt
==================================
HERE IS THE BEST
Cost: 15.350385

[56.783, 34.31, 57.204, 30.95]
[53.698, 20.789, 56.691, 34.294]
[59.67, 65.401, 53.682, 20.788]
[62.71, 72.04, 59.663, 65.386]
[63.0, 40.745, 62.708, 72.02]
[60.934, 75.019, 62.995, 40.756]
[62.26, 30.612, 60.927, 75.016]
[60.83, 33.63, 62.26, 30.612]
[58.939, 42.731, 60.83, 33.625]
[64.789, 37.617, 58.898, 42.725]
[67.129, 40.078, 64.755, 37.602]
[60.051, 30.918, 67.142, 40.19]
[55.502, 20.608, 60.068, 30.971]
[65.296, 40.334, 55.499, 20.594]
[47.307, -1.0, 65.299, 40.314]
[55.804, 42.464, 47.305, -1.0]
[45.811, -1.0, 55.805, 42.444]
[55.816, 36.067, 45.809, -1.0]
[60.215, 36.16, 55.821, 36.049]
[55.149, 41.057, 60.233, 36.167]
[68.205, 40.111, 55.165, 41.004]
[61.064, 33.399, 68.206, 40.019]
[60.474, 30.98, 61.046, 33.324]
[63.051, 40.75, 60.386, 30.972]
[48.727, -1.0, 63.06, 40.789]
[60.888, 33.955, 48.707, -1.0]
[61.845, 40.312, 60.961, 33.959]

Char cost:  7.734385
Order Cost:  7.616
Nodes: 5442
Run Time:  0.59832

==================================
Data/Data_Fall_2014_28.txt
==================================
HERE IS THE BEST
Cost: 15.724618

[56.783, 34.31, 57.204, 30.95]
[53.698, 20.789, 56.691, 34.294]
[59.67, 65.401, 53.682, 20.788]
[62.71, 72.04, 59.663, 65.386]
[63.0, 40.745, 62.708, 72.02]
[60.934, 75.019, 62.995, 40.756]
[62.26, 30.612, 60.927, 75.016]
[60.83, 33.63, 62.26, 30.612]
[58.939, 42.731, 60.83, 33.625]
[64.789, 37.617, 58.898, 42.725]
[67.129, 40.078, 64.755, 37.602]
[60.051, 30.918, 67.142, 40.19]
[55.502, 20.608, 60.068, 30.971]
[65.296, 40.334, 55.499, 20.594]
[47.307, -1.0, 65.299, 40.314]
[55.804, 42.464, 47.305, -1.0]
[45.811, -1.0, 55.805, 42.444]
[55.816, 36.067, 45.809, -1.0]
[60.215, 36.16, 55.821, 36.049]
[55.149, 41.057, 60.233, 36.167]
[68.205, 40.111, 55.165, 41.004]
[61.064, 33.399, 68.206, 40.019]
[60.474, 30.98, 61.046, 33.324]
[63.051, 40.75, 60.386, 30.972]
[48.727, -1.0, 63.06, 40.789]
[60.888, 33.955, 48.707, -1.0]
[61.845, 40.312, 60.961, 33.959]
[62.196, 37.483, 61.831, 40.289]

Char cost:  7.849618
Order Cost:  7.875
Nodes: 6280
Run Time:  0.566281

==================================
Data/Data_Fall_2014_29.txt
==================================
HERE IS THE BEST
Cost: 16.332603

[56.783, 34.31, 57.204, 30.95]
[53.698, 20.789, 56.691, 34.294]
[59.67, 65.401, 53.682, 20.788]
[62.71, 72.04, 59.663, 65.386]
[63.0, 40.745, 62.708, 72.02]
[60.934, 75.019, 62.995, 40.756]
[62.26, 30.612, 60.927, 75.016]
[60.83, 33.63, 62.26, 30.612]
[58.939, 42.731, 60.83, 33.625]
[64.789, 37.617, 58.898, 42.725]
[67.129, 40.078, 64.755, 37.602]
[60.051, 30.918, 67.142, 40.19]
[55.502, 20.608, 60.068, 30.971]
[65.296, 40.334, 55.499, 20.594]
[47.307, -1.0, 65.299, 40.314]
[55.804, 42.464, 47.305, -1.0]
[45.811, -1.0, 55.805, 42.444]
[55.816, 36.067, 45.809, -1.0]
[60.215, 36.16, 55.821, 36.049]
[55.149, 41.057, 60.233, 36.167]
[68.205, 40.111, 55.165, 41.004]
[61.064, 33.399, 68.206, 40.019]
[60.474, 30.98, 61.046, 33.324]
[63.051, 40.75, 60.386, 30.972]
[48.727, -1.0, 63.06, 40.789]
[60.888, 33.955, 48.707, -1.0]
[61.845, 40.312, 60.961, 33.959]
[62.196, 37.483, 61.831, 40.289]
[59.929, 31.076, 62.242, 37.488]

Char cost:  8.100603
Order Cost:  8.232
Nodes: 7988
Run Time:  0.687847

==================================
Data/Data_Fall_2014_30.txt
==================================
HERE IS THE BEST
Cost: 17.356186

[56.783, 34.31, 57.204, 30.95]
[53.698, 20.789, 56.691, 34.294]
[59.67, 65.401, 53.682, 20.788]
[62.71, 72.04, 59.663, 65.386]
[63.0, 40.745, 62.708, 72.02]
[60.934, 75.019, 62.995, 40.756]
[62.26, 30.612, 60.927, 75.016]
[60.83, 33.63, 62.26, 30.612]
[58.939, 42.731, 60.83, 33.625]
[64.789, 37.617, 58.898, 42.725]
[67.129, 40.078, 64.755, 37.602]
[60.051, 30.918, 67.142, 40.19]
[55.502, 20.608, 60.068, 30.971]
[65.296, 40.334, 55.499, 20.594]
[47.307, -1.0, 65.299, 40.314]
[55.804, 42.464, 47.305, -1.0]
[45.811, -1.0, 55.805, 42.444]
[55.816, 36.067, 45.809, -1.0]
[60.215, 36.16, 55.821, 36.049]
[55.149, 41.057, 60.233, 36.167]
[68.205, 40.111, 55.165, 41.004]
[61.064, 33.399, 68.206, 40.019]
[60.474, 30.98, 61.046, 33.324]
[63.051, 40.75, 60.386, 30.972]
[48.727, -1.0, 63.06, 40.789]
[60.888, 33.955, 48.707, -1.0]
[61.845, 40.312, 60.961, 33.959]
[62.196, 37.483, 61.831, 40.289]
[59.929, 31.076, 62.242, 37.488]
[59.534, 31.409, 60.005, 31.041]

Char cost:  8.347186
Order Cost:  9.009
Nodes: 11429
Run Time:  1.029121

==================================
Data/Data_Fall_2014_31.txt
==================================
HERE IS THE BEST
Cost: 18.860203

[56.783, 34.31, 57.204, 30.95]
[53.698, 20.789, 56.691, 34.294]
[59.67, 65.401, 53.682, 20.788]
[62.71, 72.04, 59.663, 65.386]
[63.0, 40.745, 62.708, 72.02]
[60.934, 75.019, 62.995, 40.756]
[62.26, 30.612, 60.927, 75.016]
[60.83, 33.63, 62.26, 30.612]
[58.939, 42.731, 60.83, 33.625]
[64.789, 37.617, 58.898, 42.725]
[67.129, 40.078, 64.755, 37.602]
[60.051, 30.918, 67.142, 40.19]
[55.502, 20.608, 60.068, 30.971]
[65.296, 40.334, 55.499, 20.594]
[47.307, -1.0, 65.299, 40.314]
[55.804, 42.464, 47.305, -1.0]
[45.811, -1.0, 55.805, 42.444]
[55.816, 36.067, 45.809, -1.0]
[60.215, 36.16, 55.821, 36.049]
[55.149, 41.057, 60.233, 36.167]
[68.205, 40.111, 55.165, 41.004]
[61.064, 33.399, 68.206, 40.019]
[60.474, 30.98, 61.046, 33.324]
[63.051, 40.75, 60.386, 30.972]
[48.727, -1.0, 63.06, 40.789]
[60.888, 33.955, 48.707, -1.0]
[61.845, 40.312, 60.961, 33.959]
[62.196, 37.483, 61.831, 40.289]
[59.929, 31.076, 62.242, 37.488]
[59.534, 31.409, 60.005, 31.041]
[59.103, 34.774, 59.442, 31.49]

Char cost:  8.640203
Order Cost:  10.22
Nodes: 15899
Run Time:  1.851566

==================================
Data/Data_Fall_2014_32.txt
==================================
HERE IS THE BEST
Cost: 19.811618

[56.783, 34.31, 57.204, 30.95]
[53.698, 20.789, 56.691, 34.294]
[59.67, 65.401, 53.682, 20.788]
[62.71, 72.04, 59.663, 65.386]
[63.0, 40.745, 62.708, 72.02]
[60.934, 75.019, 62.995, 40.756]
[62.26, 30.612, 60.927, 75.016]
[60.83, 33.63, 62.26, 30.612]
[58.939, 42.731, 60.83, 33.625]
[64.789, 37.617, 58.898, 42.725]
[67.129, 40.078, 64.755, 37.602]
[60.051, 30.918, 67.142, 40.19]
[55.502, 20.608, 60.068, 30.971]
[65.296, 40.334, 55.499, 20.594]
[47.307, -1.0, 65.299, 40.314]
[55.804, 42.464, 47.305, -1.0]
[45.811, -1.0, 55.805, 42.444]
[55.816, 36.067, 45.809, -1.0]
[60.215, 36.16, 55.821, 36.049]
[55.149, 41.057, 60.233, 36.167]
[68.205, 40.111, 55.165, 41.004]
[61.064, 33.399, 68.206, 40.019]
[60.474, 30.98, 61.046, 33.324]
[63.051, 40.75, 60.386, 30.972]
[48.727, -1.0, 63.06, 40.789]
[60.888, 33.955, 48.707, -1.0]
[61.845, 40.312, 60.961, 33.959]
[62.196, 37.483, 61.831, 40.289]
[59.929, 31.076, 62.242, 37.488]
[59.534, 31.409, 60.005, 31.041]
[59.103, 34.774, 59.442, 31.49]
[56.324, 39.279, 59.022, 34.738]

Char cost:  8.772618
Order Cost:  11.039
Nodes: 19812
Run Time:  2.740175

==================================
Data/Data_Fall_2014_33.txt
==================================
HERE IS THE BEST
Cost: 21.711618

[56.783, 34.31, 57.204, 30.95]
[53.698, 20.789, 56.691, 34.294]
[59.67, 65.401, 53.682, 20.788]
[62.71, 72.04, 59.663, 65.386]
[63.0, 40.745, 62.708, 72.02]
[60.934, 75.019, 62.995, 40.756]
[62.26, 30.612, 60.927, 75.016]
[60.83, 33.63, 62.26, 30.612]
[58.939, 42.731, 60.83, 33.625]
[64.789, 37.617, 58.898, 42.725]
[67.129, 40.078, 64.755, 37.602]
[60.051, 30.918, 67.142, 40.19]
[55.502, 20.608, 60.068, 30.971]
[65.296, 40.334, 55.499, 20.594]
[47.307, -1.0, 65.299, 40.314]
[55.804, 42.464, 47.305, -1.0]
[45.811, -1.0, 55.805, 42.444]
[55.816, 36.067, 45.809, -1.0]
[60.215, 36.16, 55.821, 36.049]
[55.149, 41.057, 60.233, 36.167]
[68.205, 40.111, 55.165, 41.004]
[61.064, 33.399, 68.206, 40.019]
[60.474, 30.98, 61.046, 33.324]
[63.051, 40.75, 60.386, 30.972]
[48.727, -1.0, 63.06, 40.789]
[60.888, 33.955, 48.707, -1.0]
[61.845, 40.312, 60.961, 33.959]
[62.196, 37.483, 61.831, 40.289]
[59.929, 31.076, 62.242, 37.488]
[59.534, 31.409, 60.005, 31.041]
[59.103, 34.774, 59.442, 31.49]
[56.324, 39.279, 59.022, 34.738]
[-1.0, -1.0, -1.0, -1.0]

Char cost:  8.772618
Order Cost:  12.939
Nodes: 1472553
Run Time:  18811.574249

==================================
Data/Data_Fall_2014_34.txt
==================================
HERE IS THE BEST
Cost: 23.611618

[56.783, 34.31, 57.204, 30.95]
[53.698, 20.789, 56.691, 34.294]
[59.67, 65.401, 53.682, 20.788]
[62.71, 72.04, 59.663, 65.386]
[63.0, 40.745, 62.708, 72.02]
[60.934, 75.019, 62.995, 40.756]
[62.26, 30.612, 60.927, 75.016]
[60.83, 33.63, 62.26, 30.612]
[58.939, 42.731, 60.83, 33.625]
[64.789, 37.617, 58.898, 42.725]
[67.129, 40.078, 64.755, 37.602]
[60.051, 30.918, 67.142, 40.19]
[55.502, 20.608, 60.068, 30.971]
[65.296, 40.334, 55.499, 20.594]
[47.307, -1.0, 65.299, 40.314]
[55.804, 42.464, 47.305, -1.0]
[45.811, -1.0, 55.805, 42.444]
[55.816, 36.067, 45.809, -1.0]
[60.215, 36.16, 55.821, 36.049]
[55.149, 41.057, 60.233, 36.167]
[68.205, 40.111, 55.165, 41.004]
[61.064, 33.399, 68.206, 40.019]
[60.474, 30.98, 61.046, 33.324]
[63.051, 40.75, 60.386, 30.972]
[48.727, -1.0, 63.06, 40.789]
[60.888, 33.955, 48.707, -1.0]
[61.845, 40.312, 60.961, 33.959]
[62.196, 37.483, 61.831, 40.289]
[59.929, 31.076, 62.242, 37.488]
[59.534, 31.409, 60.005, 31.041]
[59.103, 34.774, 59.442, 31.49]
[56.324, 39.279, 59.022, 34.738]
[-1.0, -1.0, -1.0, -1.0]
[46.128, -1.0, 64.537, 34.761]

Char cost:  8.772618
Order Cost:  14.839
Nodes: 2118069
Run Time:  38327.286535
