ASP GLN LEU THR GLU GLU GLN ILE ALA GLU PHE LYS GLU ALA PHE SER LEU PHE ASP LYS ASP GLY
54.796	41.361	51.848	19.414
55.396	30.413	54.749	41.328
54.501	43.445	55.437	30.396
60.419	71.281	54.235	43.447
60.125	29.214	60.125	71.214
60.111	29.007	60.111	29.007
58.758	29.074	60.087	28.961
66.770	38.056	58.701	29.070
55.393	17.975	66.743	38.100
59.244	29.006	55.335	17.953
58.303	36.926	na		29.058
59.743	32.044	58.227	36.987
59.526	29.241	59.526	31.965
55.105	19.238	59.403	29.239
61.947	40.83	55.079	19.304
61.690	63.222	61.690	41.111
57.045	41.720	na		na	
58.428	39.852	57.023	41.822
52.631	39.919	58.441	39.915
58.427	32.550	52.597	39.994
54.411	41.198	58.337	32.591
46.830	na		54.390	41.141