Met Ala Ser Thr Ile Thr Glu Lys Asp Ile Ile Glu Ala Ile Gly Asp Gly Lys Val Asn Ile Lys Glu Phe Gly Lys Phe Ile Arg Arg Lys Tyr Pro Gly Ala Glu Asn Lys Lys Leu Met Phe Ala Ile Val Lys Lys Leu Cys Arg Lys Val Gly
56.783	34.31	57.204	30.95
53.698	20.789	56.691	34.294
59.67	65.401	53.682	20.788
62.71	72.04	59.663	65.386
63.0	40.745	62.708	72.02
60.934	75.019	62.995	40.756
62.26	30.612	60.927	75.016
60.83	33.63	62.26	30.612
58.939	42.731	60.83	33.625
64.789	37.617	58.898	42.725
67.129	40.078	64.755	37.602
60.051	30.918	67.142	40.19
55.502	20.608	60.068	30.971
65.296	40.334	55.499	20.594
47.307	na	65.299	40.314
55.804	42.464	47.305	na
45.811	na	55.805	42.444
55.816	36.067	45.809	na
60.215	36.16	55.821	36.049
55.149	41.057	60.233	36.167
68.205	40.111	55.165	41.004
61.064	33.399	68.206	40.019
60.474	30.98	61.046	33.324
63.051	40.75	60.386	30.972
48.727	na	63.06	40.789
60.888	33.955	48.707	na
61.845	40.312	60.961	33.959
62.196	37.483	61.831	40.289
59.929	31.076	62.242	37.488
59.534	31.409	60.005	31.041
59.103	34.774	59.442	31.49
56.324	39.279	59.022	34.738
46.128	na	64.537	34.761
56.837	20.398	46.12	na
60.942	29.819	na	na
56.65	40.361	60.985	29.784
61.694	33.619	56.66	40.35
60.995	33.805	61.74	33.589
59.054	43.761	60.958	33.913
61.356	32.491	59.026	43.766
62.5	39.788	61.536	32.516
56.435	19.735	62.501	39.783
67.077	39.746	na	na
68.208	32.908	67.032	39.74
60.277	33.524	68.193	32.822
60.084	35.047	60.314	33.584
57.749	46.456	60.023	35.014
59.718	32.937	57.662	46.47
54.909	35.055	59.756	32.929
58.89	34.268	54.963	34.985
62.741	34.41	58.893	34.21
46.696	na	62.726	34.5
56.217	40.9	46.694	na
