Gly Ala Glu Asn Lys Lys Leu Met Phe Ala Ile Val Lys Lys Leu Cys Arg Lys Val Gly Asn Asp His Met Glu Leu Lys Lys Glu
46.128	na	64.537	34.761
56.837	20.398	46.12	na
60.942	29.819	na	na
56.65	40.361	60.985	29.784
61.694	33.619	56.66	40.35
60.995	33.805	61.74	33.589
59.054	43.761	60.958	33.913
61.356	32.491	59.026	43.766
62.5	39.788	61.536	32.516
56.435	19.735	62.501	39.783
67.077	39.746	na	na
68.208	32.908	67.032	39.74
60.277	33.524	68.193	32.822
60.084	35.047	60.314	33.584
57.749	46.456	60.023	35.014
59.718	32.937	57.662	46.47
54.909	35.055	59.756	32.929
58.89	34.268	54.963	34.985
62.741	34.41	58.893	34.21
46.696	na	62.726	34.5
56.217	40.9	46.694	na
55.852	44.316	56.22	40.905
57.73	35.599	55.764	44.416
56.306	37.216	57.547	35.677
54.691	34.92	56.209	37.202
56.885	43.164	54.737	34.975
59.019	34.395	56.866	43.162
57.265	34.442	59.031	34.373
59.21	32.332	57.325	34.471
