Met Ala Ser Thr Ile Thr Glu Lys Asp Ile Ile Glu Ala Ile Gly Asp Gly Lys Val Asn
56.783	34.31	57.204	30.95
53.698	20.789	56.691	34.294
59.67	65.401	53.682	20.788
62.71	72.04	59.663	65.386
63.0	40.745	62.708	72.02
60.934	75.019	62.995	40.756
62.26	30.612	60.927	75.016
60.83	33.63	62.26	30.612
58.939	42.731	60.83	33.625
64.789	37.617	58.898	42.725
67.129	40.078	64.755	37.602
60.051	30.918	67.142	40.19
55.502	20.608	60.068	30.971
65.296	40.334	55.499	20.594
47.307	na	65.299	40.314
55.804	42.464	47.305	na
45.811	na	55.805	42.444
55.816	36.067	45.809	na
60.215	36.16	55.821	36.049
55.149	41.057	60.233	36.167
