
68.205	40.111	55.165	41.004
63	40.745	62.708	72.02
59.21	32.332	57.325	34.471
53.698	20.789	56.691	34.294
55.149	41.057	60.233	36.167
62.741	34.41	58.893	34.21
56.837	20.398	46.12	na
58.89	34.268	54.963	34.985
57.265	34.442	59.031	34.373
63.051	40.75	60.386	30.972
56.783	34.31	na	na
59.019	34.395	56.866	43.162
61.694	33.619	56.66	40.35
61.064	33.399	68.206	40.019
56.435	19.735	62.501	39.783
55.804	42.464	47.305	na
67.129	40.078	64.755	37.602
56.885	43.164	54.737	34.975
59.054	43.761	60.958	33.913
60.474	30.98	61.046	33.324
60.888	33.955	48.707	na
61.845	40.312	60.961	33.959
60.942	29.819	na	na
67.077	39.746	na	na
62.26	30.612	60.927	75.016
62.196	37.483	61.831	40.289
64.789	37.617	58.898	42.725
68.208	32.908	67.032	39.74
55.502	20.608	60.068	30.971
60.277	33.524	68.193	32.822
59.929	31.076	62.242	37.488
61.356	32.491	59.026	43.766
55.816	36.067	45.809	na
59.103	34.774	59.442	31.49
54.909	35.055	59.756	32.929
56.65	40.361	60.985	29.784
60.995	33.805	61.74	33.589
57.73	35.599	55.764	44.416
56.217	40.9	46.694	na
60.051	30.918	67.142	40.19
60.83	33.63	62.26	30.612
62.5	39.788	61.536	32.516
62.71	72.04	59.663	65.386
60.084	35.047	60.314	33.584
65.296	40.334	55.499	20.594
59.534	31.409	60.005	31.041
58.939	42.731	60.83	33.625
56.324	39.279	59.022	34.738
54.691	34.92	56.209	37.202
59.67	65.401	53.682	20.788
59.718	32.937	57.662	46.47
56.306	37.216	57.547	35.677
55.852	44.316	56.22	40.905
57.749	46.456	60.023	35.014
46.696	na	62.726	34.5
60.215	36.16	55.821	36.049
60.934	75.019	62.995	40.756
45.811	na	55.805	42.444
46.128	na	64.537	34.761
47.307	na	65.299	40.314
48.727	na	63.06	40.789