Lys Pro Lys Tyr Asn Pro Glu Val Glu Ala Lys Leu Asp Val Ala Arg Arg Leu Phe Lys Arg Tyr Asp Lys Asp Gly Ser Gly Gln Leu Gln Asp Asp Glu
54.277	32.559	58.225	63.851
na	na	na	na
55.792	34.298	62.933	32.278
57.146	41.092	55.78	34.282
52.642	35.931	57.153	41.095
na	na	na	na
59.915	28.929	66.465	32.262
65.646	32.114	59.985	28.94
59.57	29.242	65.593	32.105
55.245	18.043	59.555	29.189
58.391	32.173	55.246	18.049
57.522	41.011	58.354	32.103
58.165	40.73	57.5	41.003
66.729	31.96	58.19	40.668
55.376	18.37	66.748	31.943
60.328	30.331	55.392	18.326
59.807	30.271	60.198	30.31
58.215	41.874	59.742	30.122
62.572	40.092	58.146	41.952
59.138	32.714	62.46	40.02
58.679	30.043	59.132	32.695
60.625	38.366	58.616	30.071
52.595	38.291	60.552	38.327
59.199	32.894	52.526	38.268
52.589	39.975	59.119	32.958
46.92	na	52.6	40.073
59.566	64.848	46.956	na
45.405	na	59.584	64.841
53.451	31.77	45.334	na
na	na	na	na
54.473	31.68	53.412	43.048
58.132	40.372	54.45	31.663
56.763	39.974	58.15	40.271
57.989	30.676	56.845	40.163
