Lys Pro Lys Tyr Asn Pro Glu Val Glu Ala Lys Leu Asp Val Ala Arg Arg Leu Phe Lys Arg Tyr Asp Lys Asp Gly Ser Gly Gln Leu Gln Asp Asp Glu Ile Ala Gly Leu Leu Lys Asp Thr Tyr Ala Glu Met Gly Met Ser Asn Phe Thr Pro Thr Lys Glu Asp Val Lys Ile Trp Leu Gln Met Ala Asp Thr Asn Ser Asp Gly Ser Val Ser Leu Glu Glu Tyr Glu Asp Leu Ile Ile Lys Ser Leu Gln Lys Ala Gly Ile Arg Val Glu Lys Gln Ser Leu
54.277	32.559	58.225	63.851
na	na	na	na
55.792	34.298	62.933	32.278
57.146	41.092	55.78	34.282
52.642	35.931	57.153	41.095
na	na	na	na
59.915	28.929	66.465	32.262
65.646	32.114	59.985	28.94
59.57	29.242	65.593	32.105
55.245	18.043	59.555	29.189
58.391	32.173	55.246	18.049
57.522	41.011	58.354	32.103
58.165	40.73	57.5	41.003
66.729	31.96	58.19	40.668
55.376	18.37	66.748	31.943
60.328	30.331	55.392	18.326
59.807	30.271	60.198	30.31
58.215	41.874	59.742	30.122
62.572	40.092	58.146	41.952
59.138	32.714	62.46	40.02
58.679	30.043	59.132	32.695
60.625	38.366	58.616	30.071
52.595	38.291	60.552	38.327
59.199	32.894	52.526	38.268
52.589	39.975	59.119	32.958
46.92	na	52.6	40.073
59.566	64.848	46.956	na
45.405	na	59.584	64.841
53.451	31.77	45.334	na
na	na	na	na
54.473	31.68	53.412	43.048
58.132	40.372	54.45	31.663
56.763	39.974	58.15	40.271
57.989	30.676	56.845	40.163
64.277	37.819	57.99	30.664
56.068	17.764	64.257	37.822
47.155	na	56.033	17.649
58.171	41.626	47.087	na
57.633	41.693	58.177	41.548
60.592	32.291	57.472	41.78
57.056	40.774	60.472	32.262
na	na	56.966	40.758
61.362	36.719	66.658	68.989
55.477	18.02	61.483	36.737
58.623	29.403	55.512	17.968
55.715	33.368	58.567	29.503
45.749	na	55.765	33.331
54.588	na	45.743	na
59.903	63.493	54.62	32.912
53.474	37.982	59.884	63.484
57.693	40.433	53.477	38.001
59.003	70.192	57.677	40.447
na	na	na	na
60.32	72.072	62.002	32.06
59.72	31.9	60.361	72.083
59.771	29.008	59.603	31.93
57.769	41.13	59.769	28.955
66.964	31.808	57.764	41.099
59.735	32.331	66.952	31.709
64.517	38.075	59.712	32.271
62.741	29.823	64.484	38.079
59.228	42.36	62.741	29.769
58.921	28.289	59.25	42.323
57.347	32.692	58.824	28.293
52.939	20.73	na	32.58
53.115	39.6	52.948	20.621
64.616	68.829	53.166	39.622
51.79	37.103	64.574	68.813
59.111	61.723	51.783	37.157
52.754	40.735	59.259	61.86
45.77	na	52.71	40.695
56.965	66.509	45.757	na
61.428	34.363	56.896	66.558
56.82	65.904	61.407	34.248
58.464	40.252	56.705	65.979
60.123	29.271	58.497	40.361
58.681	29.313	60.154	29.096
60.346	38.743	58.639	29.286
60.341	29.73	60.346	38.717
57.45	41.027	60.534	29.714
58.231	41.752	57.338	40.932
62.525	35.302	58.226	41.719
64.804	na	62.522	35.201
59.721	32.436	64.766	36.698
61.727	62.609	59.635	32.443
57.695	40.889	61.954	62.788
58.763	28.778	57.71	40.768
58.498	na	58.804	28.715
52.276	18.84	58.476	32.282
45.461	na	52.313	18.734
60.042	37.457	45.381	na
56.405	30.231	59.963	37.505
61.998	32.875	56.449	30.214
55.594	31.839	62.009	32.934
56.702	33.169	55.596	31.776
55.628	29.69	56.671	33.133
58.206	63.777	55.622	29.583
55.126	42.531	58.196	63.775
