Thr Lys Glu Asp Val Lys Ile Trp Leu Gln Met Ala Asp Thr Asn Ser Asp Gly Ser Val Ser Leu Glu Glu Tyr Glu Asp Leu Ile Ile Lys Ser Leu Gln Lys Ala Gly Ile Arg Val Glu Lys Gln Ser Leu Val
60.32	72.072	62.002	32.06
59.72	31.9	60.361	72.083
59.771	29.008	59.603	31.93
57.769	41.13	59.769	28.955
66.964	31.808	57.764	41.099
59.735	32.331	66.952	31.709
64.517	38.075	59.712	32.271
62.741	29.823	64.484	38.079
59.228	42.36	62.741	29.769
58.921	28.289	59.25	42.323
57.347	32.692	58.824	28.293
52.939	20.73	na	32.58
53.115	39.6	52.948	20.621
64.616	68.829	53.166	39.622
51.79	37.103	64.574	68.813
59.111	61.723	51.783	37.157
52.754	40.735	59.259	61.86
45.77	na	52.71	40.695
56.965	66.509	45.757	na
61.428	34.363	56.896	66.558
56.82	65.904	61.407	34.248
58.464	40.252	56.705	65.979
60.123	29.271	58.497	40.361
58.681	29.313	60.154	29.096
60.346	38.743	58.639	29.286
60.341	29.73	60.346	38.717
57.45	41.027	60.534	29.714
58.231	41.752	57.338	40.932
62.525	35.302	58.226	41.719
64.804	na	62.522	35.201
59.721	32.436	64.766	36.698
61.727	62.609	59.635	32.443
57.695	40.889	61.954	62.788
58.763	28.778	57.71	40.768
58.498	na	58.804	28.715
52.276	18.84	58.476	32.282
45.461	na	52.313	18.734
60.042	37.457	45.381	na
56.405	30.231	59.963	37.505
61.998	32.875	56.449	30.214
55.594	31.839	62.009	32.934
56.702	33.169	55.596	31.776
55.628	29.69	56.671	33.133
58.206	63.777	55.622	29.583
55.126	42.531	58.196	63.775
62.107	33.045	55.121	42.532
