ZeroR		8.7088	16.6138	24.2171 19	0.017
DecisionStump	22.9735	36.9731	49.3847	18	0.0002
OneR		49.7054	50.245	50.245	20	0
RandomTree	49.733	60.7464	68.4952	19	0
HoeffdingTree	52.7331	69.2834	76.9696	18	0
JRip		54.72	65.2858	71.5242	18	0
LMT		58.456	76.095	84.6657	17	0
REPTree		63.1007	78.1877	85.5583	19	0
PART		63.2211	78.8551	86.4959	17	0
J48		63.5518	78.6587	86.1795	18	0
BayesNet	61.2467	78.1303	86.0949	18	0
DecisionTable	64.1755	80.0434	87.743	18	0.0005
mlp		60.5319	76.2927	84.2776	19	0
rbf 		57.8185	74.4353	82.8272	18	0
